<<<<<<< HEAD
3,2
3,1
3,3
10,174
10,205
10,111
10,210
10,270
10,75
10,189
10,213
11,9
9,7
9,4
9,6
9,2
9,3
8,4
8,7
8,6
8,2
8,3
=======
10,171
10,98
10,118
10,188
10,6
10,73
10,257
10,34
10,2
10,3
11,7
11,22
11,4
9,5
8,15
8,16
8,6
8,8
8,17
8,11
>>>>>>> 02bd75dadf5b45d4be8bb00c1be4790c9cf23fae
52,3
52,2
52,1
52,0
51,3
51,2
51,1
51,0
50,4
50,3
50,2
50,1
50,0
49,4
49,3
49,2
49,1
49,0
47,5
47,4
47,3
47,2
47,1
47,0
44,6
44,5
44,4
44,3
44,2
44,1
44,0
42,6
42,5
42,4
42,3
42,2
42,1
42,0
30,3
30,1
20,3
20,2
20,1
19,3
19,2
19,1
12,3
12,2
12,1
11,29
11,28
11,27
11,26
11,25
11,24
11,23
<<<<<<< HEAD
11,22
=======
>>>>>>> 02bd75dadf5b45d4be8bb00c1be4790c9cf23fae
11,21
11,20
11,19
11,18
11,17
<<<<<<< HEAD
11,16
18,1
11,15
11,14
11,13
18,3
11,12
11,11
11,10
11,8
11,7
11,6
14,1
11,5
11,4
14,3
13,1
=======
11,15
11,14
11,13
11,12
11,10
11,8
11,6
>>>>>>> 02bd75dadf5b45d4be8bb00c1be4790c9cf23fae
11,3
11,2
13,3
11,1
10,308
<<<<<<< HEAD
10,304
10,303
10,301
10,300
=======
10,301
10,296
10,295
10,286
10,282
10,267
10,262
10,259
10,258
10,251
10,246
10,243
10,242
10,233
10,229
10,226
10,215
10,210
>>>>>>> 02bd75dadf5b45d4be8bb00c1be4790c9cf23fae
